<?xml version="1.0" encoding="utf-8"?>
<COLLADA xmlns="http://www.collada.org/2005/11/COLLADASchema" version="1.4.1">
  <asset>
    <contributor>
      <author>Blender User</author>
      <authoring_tool>Blender 2.78.0 commit date:2016-10-24, commit time:12:20, hash:e8299c8</authoring_tool>
    </contributor>
    <created>2017-04-19T04:25:57</created>
    <modified>2017-04-19T04:25:57</modified>
    <unit name="meter" meter="1"/>
    <up_axis>Z_UP</up_axis>
  </asset>
  <library_cameras>
    <camera id="Camera-camera" name="Camera">
      <optics>
        <technique_common>
          <perspective>
            <xfov sid="xfov">49.13434</xfov>
            <aspect_ratio>1.777778</aspect_ratio>
            <znear sid="znear">0.1</znear>
            <zfar sid="zfar">100</zfar>
          </perspective>
        </technique_common>
      </optics>
      <extra>
        <technique profile="blender">
          <YF_dofdist>0</YF_dofdist>
          <shiftx>0</shiftx>
          <shifty>0</shifty>
        </technique>
      </extra>
    </camera>
  </library_cameras>
  <library_lights>
    <light id="Lamp-light" name="Lamp">
      <technique_common>
        <point>
          <color sid="color">1 1 1</color>
          <constant_attenuation>1</constant_attenuation>
          <linear_attenuation>0</linear_attenuation>
          <quadratic_attenuation>0.00111109</quadratic_attenuation>
        </point>
      </technique_common>
      <extra>
        <technique profile="blender">
          <adapt_thresh>0.000999987</adapt_thresh>
          <area_shape>1</area_shape>
          <area_size>0.1</area_size>
          <area_sizey>0.1</area_sizey>
          <area_sizez>1</area_sizez>
          <atm_distance_factor>1</atm_distance_factor>
          <atm_extinction_factor>1</atm_extinction_factor>
          <atm_turbidity>2</atm_turbidity>
          <att1>0</att1>
          <att2>1</att2>
          <backscattered_light>1</backscattered_light>
          <bias>1</bias>
          <blue>1</blue>
          <buffers>1</buffers>
          <bufflag>0</bufflag>
          <bufsize>2880</bufsize>
          <buftype>2</buftype>
          <clipend>30.002</clipend>
          <clipsta>1.000799</clipsta>
          <compressthresh>0.04999995</compressthresh>
          <dist sid="blender_dist">29.99998</dist>
          <energy sid="blender_energy">1</energy>
          <falloff_type>2</falloff_type>
          <filtertype>0</filtertype>
          <flag>0</flag>
          <gamma sid="blender_gamma">1</gamma>
          <green>1</green>
          <halo_intensity sid="blnder_halo_intensity">1</halo_intensity>
          <horizon_brightness>1</horizon_brightness>
          <mode>8192</mode>
          <ray_samp>1</ray_samp>
          <ray_samp_method>1</ray_samp_method>
          <ray_samp_type>0</ray_samp_type>
          <ray_sampy>1</ray_sampy>
          <ray_sampz>1</ray_sampz>
          <red>1</red>
          <samp>3</samp>
          <shadhalostep>0</shadhalostep>
          <shadow_b sid="blender_shadow_b">0</shadow_b>
          <shadow_g sid="blender_shadow_g">0</shadow_g>
          <shadow_r sid="blender_shadow_r">0</shadow_r>
          <sky_colorspace>0</sky_colorspace>
          <sky_exposure>1</sky_exposure>
          <skyblendfac>1</skyblendfac>
          <skyblendtype>1</skyblendtype>
          <soft>3</soft>
          <spotblend>0.15</spotblend>
          <spotsize>75</spotsize>
          <spread>1</spread>
          <sun_brightness>1</sun_brightness>
          <sun_effect_type>0</sun_effect_type>
          <sun_intensity>1</sun_intensity>
          <sun_size>1</sun_size>
          <type>0</type>
        </technique>
      </extra>
    </light>
  </library_lights>
  <library_images/>
  <library_geometries>
    <geometry id="Cube_001-mesh" name="Cube.001">
      <mesh>
        <source id="Cube_001-mesh-positions">
          <float_array id="Cube_001-mesh-positions-array" count="24">-0.4121941 -0.4121941 -0.4121941 -0.4121941 -0.4121941 0.4121941 -0.4121941 0.4121941 -0.4121941 -0.4121941 0.4121941 0.4121941 0.4121941 -0.4121941 -0.4121941 0.4121941 -0.4121941 0.4121941 0.4121941 0.4121941 -0.4121941 0.4121941 0.4121941 0.4121941</float_array>
          <technique_common>
            <accessor source="#Cube_001-mesh-positions-array" count="8" stride="3">
              <param name="X" type="float"/>
              <param name="Y" type="float"/>
              <param name="Z" type="float"/>
            </accessor>
          </technique_common>
        </source>
        <source id="Cube_001-mesh-normals">
          <float_array id="Cube_001-mesh-normals-array" count="18">-1 0 0 0 1 0 1 0 0 0 -1 0 0 0 -1 0 0 1</float_array>
          <technique_common>
            <accessor source="#Cube_001-mesh-normals-array" count="6" stride="3">
              <param name="X" type="float"/>
              <param name="Y" type="float"/>
              <param name="Z" type="float"/>
            </accessor>
          </technique_common>
        </source>
        <vertices id="Cube_001-mesh-vertices">
          <input semantic="POSITION" source="#Cube_001-mesh-positions"/>
        </vertices>
        <polylist count="12">
          <input semantic="VERTEX" source="#Cube_001-mesh-vertices" offset="0"/>
          <input semantic="NORMAL" source="#Cube_001-mesh-normals" offset="1"/>
          <vcount>3 3 3 3 3 3 3 3 3 3 3 3 </vcount>
          <p>1 0 2 0 0 0 3 1 6 1 2 1 7 2 4 2 6 2 5 3 0 3 4 3 6 4 0 4 2 4 3 5 5 5 7 5 1 0 3 0 2 0 3 1 7 1 6 1 7 2 5 2 4 2 5 3 1 3 0 3 6 4 4 4 0 4 3 5 1 5 5 5</p>
        </polylist>
      </mesh>
    </geometry>
  </library_geometries>
  <library_controllers>
    <controller id="Armature_Cube-skin" name="Armature">
      <skin source="#Cube_001-mesh">
        <bind_shape_matrix>1 0 0 -2.083929 0 1 0 -0.7812358 0 0 1 2.961037 0 0 0 1</bind_shape_matrix>
        <source id="Armature_Cube-skin-joints">
          <Name_array id="Armature_Cube-skin-joints-array" count="8">Bone Bone_001 Bone_002 Bone_003 Bone_004 Bone_005 Bone_006 Bone_007</Name_array>
          <technique_common>
            <accessor source="#Armature_Cube-skin-joints-array" count="8" stride="1">
              <param name="JOINT" type="name"/>
            </accessor>
          </technique_common>
        </source>
        <source id="Armature_Cube-skin-bind_poses">
          <float_array id="Armature_Cube-skin-bind_poses-array" count="128">1 2.37761e-7 0 0.306192 0 -0.07419669 0.9972437 -0.06106555 2.38419e-7 -0.9972436 -0.07419681 -0.820754 0 0 0 1 0.9999319 0.008259415 0.008259117 0.2976748 -0.008259415 -2.83939e-7 0.9999659 -2.003045 0.008259117 -0.999966 6.78301e-5 -0.9694437 0 0 0 1 0.2107445 -0.9383684 0.2739564 -1.668051 0.9383683 0.1156521 -0.3257147 1.385194 0.2739565 0.3257147 0.9049078 -2.313609 0 0 0 1 0.8442035 -0.4196391 0.3335024 -1.820575 0.4196391 0.1302996 -0.8982901 2.207102 0.3335023 0.8982905 0.2860963 -0.2260054 0 0 0 1 0.1489855 0.9773687 -0.150179 1.447526 -0.9773685 0.1224832 -0.1724769 0.3294266 -0.1501791 0.1724769 0.9734979 -2.801801 0 0 0 1 0.2479025 0.9328749 0.2613218 0.3744508 -0.9328746 0.1571043 0.3241342 -1.994717 0.2613217 -0.3241339 0.9092019 -2.507028 0 0 0 1 0.9996231 -0.01941376 -0.01941013 0.3537394 0.01941376 0 0.9998117 -2.995083 -0.01941013 -0.9998117 3.76761e-4 -0.9789221 0 0 0 1 0.9942071 0.07703477 -0.07495278 0.6598945 1.41561e-7 0.6973541 0.7167269 -2.084162 0.1074815 -0.7125748 0.6933147 -3.33219 0 0 0 1</float_array>
          <technique_common>
            <accessor source="#Armature_Cube-skin-bind_poses-array" count="8" stride="16">
              <param name="TRANSFORM" type="float4x4"/>
            </accessor>
          </technique_common>
        </source>
        <source id="Armature_Cube-skin-weights">
          <float_array id="Armature_Cube-skin-weights-array" count="8">1 1 1 1 1 1 1 1</float_array>
          <technique_common>
            <accessor source="#Armature_Cube-skin-weights-array" count="8" stride="1">
              <param name="WEIGHT" type="float"/>
            </accessor>
          </technique_common>
        </source>
        <joints>
          <input semantic="JOINT" source="#Armature_Cube-skin-joints"/>
          <input semantic="INV_BIND_MATRIX" source="#Armature_Cube-skin-bind_poses"/>
        </joints>
        <vertex_weights count="8">
          <input semantic="JOINT" source="#Armature_Cube-skin-joints" offset="0"/>
          <input semantic="WEIGHT" source="#Armature_Cube-skin-weights" offset="1"/>
          <vcount>1 1 1 1 1 1 1 1 </vcount>
          <v>5 0 5 1 5 2 5 3 5 4 5 5 5 6 5 7</v>
        </vertex_weights>
      </skin>
    </controller>
  </library_controllers>
  <library_visual_scenes>
    <visual_scene id="Scene" name="Scene">
      <node id="Camera" name="Camera" type="NODE">
        <matrix sid="transform">0.6859207 -0.3240135 0.6515582 7.481132 0.7276763 0.3054208 -0.6141704 -6.50764 0 0.8953956 0.4452714 5.343665 0 0 0 1</matrix>
        <instance_camera url="#Camera-camera"/>
      </node>
      <node id="Lamp" name="Lamp" type="NODE">
        <matrix sid="transform">-0.2908646 -0.7711008 0.5663932 4.076245 0.9551712 -0.1998834 0.2183912 1.005454 -0.05518906 0.6045247 0.7946723 5.903862 0 0 0 1</matrix>
        <instance_light url="#Lamp-light"/>
      </node>
      <node id="Armature" name="Armature" type="NODE">
        <matrix sid="transform">1 0 0 -0.3061918 0 1 0 -0.8230227 0 0 1 0 0 0 0 1</matrix>
        <node id="Bone" name="Bone" sid="Bone" type="JOINT">
          <matrix sid="transform">1 0 2.38419e-7 0 2.37761e-7 -0.07419682 -0.9972436 0 1.76899e-8 0.9972436 -0.0741967 0 0 0 0 1</matrix>
          <node id="Bone_001" name="Bone.001" sid="Bone_001" type="JOINT">
            <matrix sid="transform">0.9999318 -0.008259419 0.008258923 3.55271e-15 0.007623568 0.9972097 0.07426191 2.006114 -0.008849237 -0.07419388 0.9972044 -1.49012e-8 0 0 0 1</matrix>
            <node id="Bone_002" name="Bone.002" sid="Bone_002" type="JOINT">
              <matrix sid="transform">0.2052424 0.936569 0.2841018 -9.31323e-10 0.2722067 -0.3334538 0.9026139 1.001204 0.9400951 -0.1079201 -0.3233793 0 0 0 0 1</matrix>
              <node id="Bone_003" name="Bone.003" sid="Bone_003" type="JOINT">
                <matrix sid="transform">0.6630521 -0.2799248 -0.6942651 0 0.6350149 0.7014316 0.3236513 1.066303 0.3963814 -0.6554665 0.6428419 0 0 0 0 1</matrix>
                <extra>
                  <technique profile="blender">
                    <connect>1</connect>
                    <layer>0</layer>
                    <tip_x>0.5292345</tip_x>
                    <tip_y>0.1643295</tip_y>
                    <tip_z>-1.132893</tip_z>
                  </technique>
                </extra>
              </node>
              <extra>
                <technique profile="blender">
                  <connect>1</connect>
                  <layer>0</layer>
                </technique>
              </extra>
            </node>
            <node id="Bone_004" name="Bone.004" sid="Bone_004" type="JOINT">
              <matrix sid="transform">0.1558075 -0.9777151 -0.1407041 -9.31323e-10 -0.1514048 -0.1643986 0.9747048 1.001204 -0.9761152 -0.1305632 -0.1736453 0 0 0 0 1</matrix>
              <node id="Bone_005" name="Bone.005" sid="Bone_005" type="JOINT">
                <matrix sid="transform">0.9094514 -0.03411411 -0.4144084 0 -0.1731025 0.8750994 -0.4519252 1.006832 0.3780656 0.4827392 0.7899553 0 0 0 0 1</matrix>
                <extra>
                  <technique profile="blender">
                    <connect>1</connect>
                    <layer>0</layer>
                    <tip_x>-0.9757763</tip_x>
                    <tip_y>0.1643294</tip_y>
                    <tip_z>0.3390405</tip_z>
                  </technique>
                </extra>
              </node>
              <extra>
                <technique profile="blender">
                  <connect>1</connect>
                  <layer>0</layer>
                </technique>
              </extra>
            </node>
            <node id="Bone_006" name="Bone.006" sid="Bone_006" type="JOINT">
              <matrix sid="transform">0.9992343 0.02767009 -0.0276636 -9.31323e-10 -0.02766581 0.999617 5.37471e-4 1.001204 0.02766787 2.28276e-4 0.9996171 0 0 0 0 1</matrix>
              <node id="Bone_007" name="Bone.007" sid="Bone_007" type="JOINT">
                <matrix sid="transform">0.9937916 -0.02744997 0.1078175 0 -0.05563731 0.7165915 0.6952704 0.851897 -0.09634624 -0.6969528 0.7106156 0 0 0 0 1</matrix>
                <extra>
                  <technique profile="blender">
                    <connect>1</connect>
                    <layer>0</layer>
                    <roll>0.1076896</roll>
                    <tip_x>0</tip_x>
                    <tip_y>0.2976945</tip_y>
                    <tip_z>0.3059645</tip_z>
                  </technique>
                </extra>
              </node>
              <extra>
                <technique profile="blender">
                  <connect>1</connect>
                  <layer>0</layer>
                </technique>
              </extra>
            </node>
            <extra>
              <technique profile="blender">
                <connect>1</connect>
                <layer>0</layer>
              </technique>
            </extra>
          </node>
          <extra>
            <technique profile="blender">
              <layer>0</layer>
              <roll>2.38419e-7</roll>
            </technique>
          </extra>
        </node>
      </node>
      <node id="Cube" name="Cube" type="NODE">
        <translate sid="location">0 0 0</translate>
        <rotate sid="rotationZ">0 0 1 0</rotate>
        <rotate sid="rotationY">0 1 0 0</rotate>
        <rotate sid="rotationX">1 0 0 0</rotate>
        <scale sid="scale">1 1 1</scale>
        <instance_controller url="#Armature_Cube-skin">
          <skeleton>#Bone</skeleton>
        </instance_controller>
      </node>
    </visual_scene>
  </library_visual_scenes>
  <scene>
    <instance_visual_scene url="#Scene"/>
  </scene>
</COLLADA>